2011.04021
1905.06750
2103.12656
2002.06473
2010.05545
2005.10934
1708.09251
1909.12892
1812.05905
2006.14135
2106.03894
1801.03954
1609.04747
1802.07245
2001.02907
1906.07987
1811.11359
1707.05300
1811.06407
1801.00690
1806.01240
2104.07749
2102.09430
1509.06113
1909.10618
2002.02693
1709.10087
1511.06279
1806.05695
1806.07366
2007.02832
1206.5538
1703.04933
1111.4259
2107.00541
1712.00948
1806.01242
1806.01261
1606.01868
1902.10186
1502.05477
1801.08093
1212.1524
1901.03909
1507.07680
1709.10089
2010.05113
1903.08254
1901.10995
1705.05035
1803.02999
1504.04909
2105.00371
1602.01783
1712.09913
1802.08163
1909.12397
2002.02089
cs/0108021
2008.12228
1310.5726
2001.08116
1710.09829
1912.11032
2101.04736
1812.02648
1504.00702
1912.01603
1507.00210
1703.02660
1805.12114
1811.11214
1802.04821
1606.03657
1706.03662
2006.04678
2105.12196
1906.04556
1910.12807
1606.05908
1806.03884
1603.00748
1502.03167
1202.6258
2002.09571
1711.09846
1802.01561
1411.1792
1709.07932
1707.02286
2004.12524
1609.07152
2005.05719
1707.06347
2002.08484
1806.04613
1911.01417
1509.02971
2005.04269
1910.01215
1803.02348
1602.07868
1907.01298
1906.09807
1906.02691
1803.10122
1904.09237
1511.02540
1705.07241
1806.06923
1707.08817
1707.06887
2005.12729
1710.10044
1412.1897
1801.06159
1708.05866
1801.01290
1611.05397
1709.02878
1901.10691
1811.12359
2004.13649
1902.04706
1509.03005
2010.14641
2002.00632
2001.06940
1712.06560
1607.00485
2106.13281
2001.00449
1906.01563
2004.12919
1306.0514
1804.00379
1903.08894
2109.13841
1311.1839
1911.08265
1603.02199
1807.03748
1805.04874
1805.08380
1906.12189
1804.03906
1602.04621
2010.14274
2106.01946
1412.8690
1706.04223
1412.7009
1811.11711
1907.08225
1802.04181
1810.01257
1910.00177
1703.02949
1611.01224
2005.08290
1706.03762
2010.06491
1812.06298
1707.01891
1809.02721
2009.13579
1609.03759
2102.13651
1807.06919
1610.09038
1902.10250
2109.08522
1909.01387
1412.1193
2011.04483
1711.08946
1211.0358
2102.05599
2005.13143
2103.06257
1703.09312
1903.01973
1705.06366
2012.13658
1812.02900
1606.02396
1804.02808
1901.11530
1912.06088
1802.06070
1812.02256
1010.3013
1810.12894
1906.08253
1811.12560
0911.4625
1903.02219
1811.01848
2003.01629
1906.04493
1106.3708
2006.13258
1306.3532
1908.04211
2006.01419
1612.07139
1605.01278
1611.07507
1301.3584
1705.07874
1906.07794
2002.06038
1611.02635
2107.12808
1706.10295
1712.08449
2006.07781
1810.12281
1803.06773
1506.02438
1607.05077
1603.00448
1201.4497
1811.02553
1705.10743
2010.02193
